0 0 0 267 252 440 0 130 282 0 400 330 330 400 0
255 0 411 154 411 411 411 257 225 218 218 411 411 300 0
411 411 0 243 411 253 411 217 411 248 411 330 411 253 0
277 154 243 0 0 0 0 278 0 0 0 0 307 0 0
282 411 411 0 0 222 220 177 406 278 406 406 406 250 0
400 411 253 0 222 0 408 277 408 280 408 380 330 328 0
0 0 0 0 0 0 0 0 0 0 0 0 0 0 0
0 411 411 0 220 408 0 182 408 250 408 350 330 350 0
150 257 217 278 177 277 182 0 408 250 408 408 330 328 0
282 225 411 0 406 408 408 408 0 218 255 225 411 280 0
0 218 248 0 278 280 250 250 218 0 255 280 0 0 0
400 218 411 0 406 408 408 408 255 255 0 350 380 280 0
330 411 330 0 406 380 350 408 225 280 280 0 411 380 0
330 411 411 307 406 330 330 330 411 0 380 411 0 380 0
400 300 253 0 250 328 350 328 280 0 280 380 380 0 0